[header]
width=100
height=20
tilewidth=16
tileheight=16
orientation=orthogonal

[tilesets]
tileset=smw_tileset.png,16,16,1,1

[layer]
type=Tile Layer 1
data=
401,401,401,401,401,401,401,401,401,401,163,401,401,401,401,401,401,401,401,401,401,401,401,401,401,401,401,401,401,401,401,401,401,401,401,401,401,401,401,401,401,401,401,401,401,401,401,401,401,401,401,401,401,401,401,401,401,401,401,401,401,401,401,401,401,401,401,401,401,401,401,401,401,401,401,401,401,401,401,401,401,401,401,401,401,401,401,401,401,401,401,401,401,401,401,401,401,401,401,401,
401,401,401,401,401,401,401,401,401,401,163,401,401,401,401,401,401,401,401,401,401,401,401,401,401,401,401,401,401,401,401,401,401,401,401,401,401,401,401,401,401,401,401,401,401,401,401,401,401,401,401,401,401,401,401,401,401,401,401,401,401,401,401,401,401,401,401,401,401,401,401,401,401,401,401,401,401,401,401,401,401,401,401,401,401,401,401,401,401,401,401,401,401,401,401,401,401,401,401,401,
401,401,401,401,401,401,401,401,401,401,163,401,401,401,401,401,401,401,401,401,401,401,401,401,401,401,401,401,401,401,401,401,401,401,401,401,401,401,401,401,401,401,401,401,401,401,401,401,401,401,401,401,401,401,401,401,401,401,401,401,401,401,401,401,401,401,401,401,401,401,401,401,401,401,401,401,401,401,401,401,401,401,401,401,401,401,401,401,401,401,401,401,401,401,401,401,401,401,401,401,
401,401,401,401,401,401,401,401,401,401,163,401,401,401,401,401,401,401,401,401,401,401,401,401,401,401,2,2,2,401,401,401,401,401,401,401,401,401,401,401,401,401,401,401,401,401,401,401,401,401,401,401,401,401,401,401,401,401,401,401,401,401,401,401,401,401,401,401,401,401,401,401,401,401,401,401,401,401,401,401,401,401,401,401,401,401,401,401,401,401,401,401,401,401,401,401,401,401,401,401,
401,401,401,401,401,401,401,401,401,401,163,401,401,401,401,401,401,401,401,401,401,401,401,401,401,401,401,401,401,401,401,401,401,401,401,401,401,401,401,401,401,401,401,401,401,401,401,401,401,401,401,401,401,401,401,401,401,401,401,401,401,401,401,401,401,401,401,401,401,401,401,401,401,401,401,401,401,401,401,401,401,401,401,401,401,401,401,401,401,401,401,401,401,401,401,401,401,401,401,401,
401,401,401,401,401,401,401,401,401,401,163,401,401,401,401,401,401,401,401,401,401,401,2,61,2,401,401,401,401,401,401,401,401,401,401,401,401,401,401,401,401,401,401,401,401,401,401,401,401,401,401,401,401,401,401,401,401,401,401,401,401,401,401,401,401,401,401,401,401,401,401,401,401,401,401,401,401,401,401,401,401,401,401,401,401,401,401,401,401,401,401,401,401,401,401,401,401,401,401,26,
401,401,401,401,401,401,401,401,401,401,163,401,401,401,401,401,401,401,401,401,401,401,401,401,401,401,401,401,401,401,401,401,401,401,401,401,401,401,401,401,401,401,401,401,401,401,401,401,401,401,401,401,401,401,401,401,401,401,401,401,401,401,401,401,401,401,401,401,401,401,401,401,401,401,401,401,401,401,401,401,401,401,401,401,401,401,401,401,401,401,401,401,401,401,401,401,401,401,401,46,
401,401,401,401,401,401,401,401,401,401,163,401,401,401,401,401,401,2,61,61,401,401,401,401,401,401,401,401,401,401,401,401,136,137,138,401,401,401,401,401,401,401,401,401,401,401,401,401,401,401,401,401,401,401,401,401,401,401,401,401,401,401,401,401,401,401,401,401,401,401,401,401,401,401,401,401,401,401,401,401,401,401,401,401,401,401,401,68,69,70,401,401,401,401,68,69,69,69,69,70,
354,355,401,401,401,401,401,401,401,401,163,401,401,401,401,401,401,401,401,401,401,401,401,401,401,401,401,401,401,401,401,401,156,157,158,401,401,401,401,401,401,401,401,401,401,401,401,401,401,401,401,401,401,401,401,401,401,401,401,401,401,401,401,401,401,401,401,401,401,401,401,401,401,401,401,401,401,401,401,401,401,401,401,401,401,401,401,88,89,90,401,401,401,401,88,89,89,89,89,90,
374,375,401,401,401,401,401,401,401,6,6,6,401,6,6,6,401,401,401,401,401,401,401,401,401,401,401,401,401,401,401,401,401,401,401,401,401,401,401,401,401,401,401,401,401,401,401,401,401,401,401,401,401,401,401,401,401,401,401,401,401,401,401,401,401,401,401,401,401,401,401,401,401,401,401,401,401,401,401,401,401,401,401,401,401,401,401,401,401,401,401,401,401,401,401,401,401,401,401,401,
394,395,401,401,401,401,1,401,401,401,401,401,401,401,401,401,401,401,401,401,401,401,401,401,401,401,401,401,401,401,401,401,401,401,401,401,401,401,401,401,401,401,401,401,401,401,401,401,401,401,401,401,136,137,138,401,401,401,401,401,401,401,401,401,401,401,401,401,401,401,401,401,401,401,401,401,401,401,401,401,401,401,68,69,70,401,401,401,401,401,401,401,401,401,401,401,401,401,401,401,
22,22,22,22,22,22,22,22,401,401,197,198,401,401,401,401,401,401,401,401,401,401,401,401,401,401,401,401,401,401,401,401,401,401,401,401,401,401,401,401,401,401,401,401,401,136,137,138,401,401,401,401,156,157,158,401,401,401,401,401,401,401,401,401,401,401,401,401,401,401,401,401,401,401,401,401,401,401,401,401,401,401,88,89,90,401,401,401,401,401,401,401,401,401,401,401,401,401,401,401,
401,259,259,260,401,401,401,401,401,401,217,218,401,401,401,401,401,401,401,401,401,401,401,401,401,401,401,401,401,401,401,401,401,401,401,401,401,401,401,401,401,401,401,401,401,156,157,158,401,401,401,401,401,401,401,401,401,401,401,401,401,401,401,401,401,401,401,401,401,401,401,401,401,401,401,401,401,401,401,401,401,401,401,401,401,401,401,401,401,401,401,401,401,401,401,401,401,401,401,401,
401,259,259,260,401,401,401,401,401,401,237,238,401,197,198,401,401,401,401,401,401,401,401,401,401,401,401,401,401,401,401,401,401,401,61,2,2,2,401,401,401,401,401,401,401,401,401,401,401,401,401,401,401,401,401,401,401,401,401,401,401,401,401,401,401,401,401,401,401,401,401,401,401,401,401,401,401,401,401,401,401,401,401,401,401,401,401,401,401,401,401,401,401,401,401,401,401,401,401,401,
401,259,259,260,401,401,401,401,401,401,257,258,401,217,218,401,401,401,401,401,401,401,401,401,401,401,401,401,401,401,401,401,401,401,401,401,401,401,401,401,401,401,401,401,401,401,401,401,401,401,401,401,401,401,401,401,401,401,254,236,236,236,236,236,236,236,236,236,236,255,401,401,401,401,401,401,401,401,401,401,401,401,401,401,401,401,401,401,401,401,401,401,401,401,401,401,401,401,401,401,
401,259,259,260,401,401,401,401,401,401,217,218,219,217,218,401,401,401,401,401,401,401,401,401,401,401,401,401,401,401,2,61,2,401,401,401,401,401,401,61,61,2,2,401,401,401,401,401,401,401,401,401,401,401,401,401,401,401,274,276,276,276,276,276,276,276,276,276,276,275,401,401,401,401,265,266,266,266,266,266,267,401,401,401,401,401,401,401,401,401,401,401,401,401,401,401,401,401,401,401,
401,259,260,260,401,401,401,401,401,401,237,238,219,217,218,401,401,401,401,401,401,401,401,401,401,401,401,401,401,401,401,401,401,401,401,401,401,401,401,401,401,401,401,401,401,401,401,401,401,401,401,401,401,401,401,401,65,401,401,401,401,401,401,401,401,401,401,401,401,401,401,401,401,401,285,286,286,286,286,286,287,401,401,401,401,401,401,401,401,401,401,401,401,401,401,401,401,401,401,401,
401,259,259,260,401,401,401,401,401,401,257,258,219,217,218,401,401,401,401,401,401,401,401,401,401,401,401,401,401,401,401,401,401,401,401,401,401,401,401,401,401,401,401,401,9,9,9,9,9,9,9,9,9,9,9,9,85,401,401,401,401,401,401,401,401,401,401,401,401,401,401,401,401,401,285,286,286,286,286,286,287,401,401,401,401,401,401,401,401,401,401,401,401,401,401,401,401,401,401,401,
401,259,259,260,401,401,401,401,401,401,257,258,219,237,238,401,401,401,401,401,401,401,401,401,401,401,401,401,401,401,401,401,401,401,401,401,401,401,401,401,401,401,401,401,10,11,12,10,11,12,10,11,12,10,11,12,85,296,296,296,296,296,296,296,296,296,296,296,296,296,296,296,296,296,285,286,286,286,286,286,287,401,401,401,401,401,401,401,401,401,401,401,401,401,401,401,401,401,401,401,
401,259,260,260,401,401,401,401,401,401,257,258,219,257,258,401,401,401,401,401,401,401,401,401,401,401,401,401,401,401,401,401,401,401,401,401,401,401,401,401,401,401,401,401,30,31,32,30,31,32,30,31,32,30,31,32,85,316,316,316,316,316,316,316,316,316,316,316,316,316,316,316,316,316,285,286,286,286,286,286,287,401,401,401,401,401,401,401,401,401,401,401,401,401,401,401,401,401,401,401

[Object Layer 1]
# platform4
type=1
location=16,6,3,1

[Object Layer 1]
# platform1
type=1
location=0,10,7,1

[Object Layer 1]
# platform2
type=1
location=9,9,2,0

[Object Layer 1]
# platform3
type=1
location=12,9,3,0

[Object Layer 1]
# platform5
type=1
location=22,4,2,1

[Object Layer 1]
# platform6
type=1
location=26,2,2,1

[Object Layer 1]
# platform7
type=1
location=29,14,3,1

[Object Layer 1]
# platform8
type=1
location=32,7,3,1

[Object Layer 1]
# platform9
type=1
location=33,12,4,1

[Object Layer 1]
# platform10
type=1
location=39,14,3,1

[Object Layer 1]
# platform11
type=1
location=44,18,12,0

[Object Layer 1]
# platform12
type=1
location=45,10,2,2

[Object Layer 1]
# platform13
type=1
location=51,9,3,2

[Object Layer 1]
# platform14
type=1
location=56,15,1,4

[Object Layer 1]
# platform15
type=1
location=57,13,12,2

[Object Layer 1]
# platform16
type=1
location=73,15,7,4

[Object Layer 1]
# platform17
type=1
location=81,9,3,2

[Object Layer 1]
# platform18
type=1
location=87,7,2,1

[Object Layer 1]
# platform19
type=1
location=93,6,6,2

[Object Layer 1]
# win_door
type=2
location=98,4,1,2

[Object Layer 1]
# start_door
type=0
location=0,7,1,3